x			sin^2(x)	sin^2'(x) a.	sin^2'(x) f.d.	sin^2''(x) a.	sin^2''(x) f.d.
1.000000	0.708073	0.909297	0.905073	-0.832294	-0.832677
1.010000	0.717124	0.900793	0.896388	-0.868497	-0.868440
1.020000	0.726088	0.891929	0.887346	-0.904352	-0.904203
1.030000	0.734962	0.882707	0.877953	-0.939846	-0.939369
1.040000	0.743741	0.873133	0.868195	-0.974964	-0.975728
1.050000	0.752423	0.863209	0.858104	-1.009692	-1.009107
1.060000	0.761004	0.852941	0.847661	-1.044016	-1.044273
1.070000	0.769481	0.842331	0.836885	-1.077923	-1.077652
1.080000	0.777849	0.831384	0.825775	-1.111398	-1.111031
1.090000	0.786107	0.820104	0.814325	-1.144429	-1.145005
1.100000	0.794250	0.808497	0.802559	-1.177002	-1.176596
1.110000	0.802276	0.796566	0.790465	-1.209104	-1.209378
1.120000	0.810181	0.784316	0.778061	-1.240723	-1.240373
1.130000	0.817961	0.771753	0.765342	-1.271845	-1.271963
1.140000	0.825615	0.758881	0.752318	-1.302459	-1.302361
1.150000	0.833138	0.745705	0.738990	-1.332552	-1.332760
1.160000	0.840528	0.732232	0.725371	-1.362111	-1.361966
1.170000	0.847782	0.718465	0.711459	-1.391126	-1.391173
1.180000	0.854896	0.704411	0.697267	-1.419585	-1.419187
1.190000	0.861869	0.690075	0.682795	-1.447475	-1.447201
1.200000	0.868697	0.675463	0.668043	-1.474787	-1.475215
1.210000	0.875377	0.660582	0.653028	-1.501509	-1.501441
1.220000	0.881907	0.645435	0.637752	-1.527630	-1.527667
1.230000	0.888285	0.630031	0.622225	-1.553140	-1.552701
1.240000	0.894507	0.614375	0.606441	-1.578029	-1.578331
1.250000	0.900572	0.598473	0.590426	-1.602287	-1.601577
1.260000	0.906476	0.582331	0.574160	-1.625904	-1.626611
1.270000	0.912217	0.565957	0.557673	-1.648870	-1.648665
1.280000	0.917794	0.549356	0.540966	-1.671177	-1.670718
1.290000	0.923204	0.532535	0.524032	-1.692816	-1.693368
1.300000	0.928444	0.515502	0.506902	-1.713777	-1.713038
1.310000	0.933513	0.498262	0.489557	-1.734053	-1.734495
1.320000	0.938409	0.480823	0.472021	-1.753635	-1.753569
1.330000	0.943129	0.463192	0.454301	-1.772516	-1.772046
1.340000	0.947672	0.445375	0.436389	-1.790688	-1.791120
1.350000	0.952036	0.427380	0.418311	-1.808144	-1.807809
1.360000	0.956219	0.409215	0.400066	-1.824876	-1.824498
1.370000	0.960220	0.390885	0.381655	-1.840879	-1.841188
1.380000	0.964036	0.372400	0.363094	-1.856145	-1.856089
1.390000	0.967667	0.353765	0.344390	-1.870669	-1.870394
1.400000	0.971111	0.334989	0.325543	-1.884444	-1.884699
1.410000	0.974366	0.316079	0.306571	-1.897466	-1.897216
1.420000	0.977432	0.297042	0.287473	-1.909729	-1.909733
1.430000	0.980307	0.277887	0.268263	-1.921228	-1.921058
1.440000	0.982990	0.258620	0.248945	-1.931958	-1.931787
1.450000	0.985479	0.239250	0.229526	-1.941916	-1.941919
1.460000	0.987774	0.219784	0.210011	-1.951097	-1.951456
1.470000	0.989874	0.200231	0.190419	-1.959497	-1.959205
1.480000	0.991779	0.180597	0.170749	-1.967114	-1.966953
1.490000	0.993486	0.160891	0.151014	-1.973944	-1.973510
1.500000	0.994996	0.141121	0.131214	-1.979985	-1.980066
1.510000	0.996308	0.121294	0.111359	-1.985233	-1.985431
1.520000	0.997422	0.101419	0.091463	-1.989688	-1.989603
1.529999	0.998337	0.081503	0.071532	-1.993346	-1.993179
1.539999	0.999052	0.061555	0.051570	-1.996207	-1.996160
1.549999	0.999568	0.041582	0.031585	-1.998270	-1.998544
1.559999	0.999883	0.021592	0.011593	-1.999534	-1.999140
1.569999	0.999999	0.001594	-0.008404	-1.999997	-2.000332
1.579999	0.999915	-0.018405	-0.028402	-1.999661	-1.999736
1.589999	0.999631	-0.038397	-0.048387	-1.998525	-1.998544
1.599999	0.999147	-0.058373	-0.068349	-1.996590	-1.996160
1.609999	0.998464	-0.078326	-0.088292	-1.993856	-1.994372
1.619999	0.997581	-0.098247	-0.108194	-1.990324	-1.990199
1.629999	0.996499	-0.118130	-0.128049	-1.985996	-1.985431
1.639999	0.995219	-0.137965	-0.147861	-1.980874	-1.981259
1.649999	0.993740	-0.157744	-0.167608	-1.974960	-1.974702
1.659999	0.992064	-0.177461	-0.187290	-1.968256	-1.968145
1.669999	0.990191	-0.197107	-0.206894	-1.960764	-1.960397
1.679999	0.988122	-0.216674	-0.226420	-1.952488	-1.952648
1.689999	0.985858	-0.236154	-0.245857	-1.943431	-1.943708
1.699999	0.983399	-0.255540	-0.265193	-1.933597	-1.933575
1.709999	0.980747	-0.274823	-0.284415	-1.922989	-1.922250
1.719999	0.977903	-0.293997	-0.303537	-1.911613	-1.912117
1.729999	0.974868	-0.313053	-0.322527	-1.899471	-1.899004
1.739999	0.971643	-0.331984	-0.341398	-1.886570	-1.887083
1.749999	0.968229	-0.350782	-0.360119	-1.872914	-1.872182
1.759999	0.964627	-0.369440	-0.378710	-1.858510	-1.859069
1.769999	0.960840	-0.387950	-0.397140	-1.843361	-1.842976
1.779999	0.956869	-0.406304	-0.415415	-1.827476	-1.827479
1.789999	0.952715	-0.424497	-0.433522	-1.810859	-1.810789
1.799999	0.948380	-0.442519	-0.451452	-1.793518	-1.792908
1.809999	0.943865	-0.460365	-0.469214	-1.775460	-1.776219
1.819999	0.939173	-0.478026	-0.486773	-1.756691	-1.755953
1.829999	0.934305	-0.495496	-0.504148	-1.737221	-1.737476
1.839999	0.929264	-0.512768	-0.521320	-1.717055	-1.717210
1.849999	0.924050	-0.529835	-0.538278	-1.696202	-1.695752
1.859999	0.918668	-0.546690	-0.555027	-1.674671	-1.674891
1.869999	0.913117	-0.563326	-0.571549	-1.652470	-1.652241
1.879999	0.907402	-0.579737	-0.587851	-1.629608	-1.630187
1.889999	0.901523	-0.595916	-0.603902	-1.606094	-1.605153
1.899999	0.895484	-0.611857	-0.619727	-1.581938	-1.582503
1.909999	0.889287	-0.627552	-0.635296	-1.557148	-1.556873
1.919999	0.882934	-0.642997	-0.650609	-1.531737	-1.531243
1.929999	0.876428	-0.658185	-0.665671	-1.505712	-1.506209
1.939999	0.869771	-0.673110	-0.680459	-1.479085	-1.478791
1.949999	0.862967	-0.687765	-0.694978	-1.451867	-1.451969
1.959999	0.856017	-0.702145	-0.709218	-1.424068	-1.423955
1.969999	0.848925	-0.716244	-0.723171	-1.395699	-1.395345
1.979999	0.841693	-0.730057	-0.736845	-1.366772	-1.367331
1.989999	0.834325	-0.743578	-0.750214	-1.337299	-1.336932
1.999999	0.826823	-0.756801	-0.763285	-1.307290	-1.307130
